   20.70000000
   58.08000000
    0.79000000
    1.65675010
    0.64361954
    2.51979630
    0.00000000
    0.00000000
   -1.35052056    0.30000000    7.19793177
   -0.22296822    1.68263846    0.00000000
   -5.04262750    0.30000000    0.00000000
  -14.86182554    0.47711412    0.00000000
   -2.77732906    0.77764618    0.00000000
   -3.05982100    0.81869146    0.00000000
   -3.56385325    1.16315604    0.00000000
   -0.47453149    0.30000000    0.00000000
   -0.42644870    0.46741656    0.00000000
   -0.17141894    1.36279310    0.00000000
   -8.65851292    0.58743391    0.00000000
   -1.20826112    0.85928910    0.00000000
   -1.92238451    0.74075884    0.00000000
   -0.30619355    0.89163639    0.00000000
   -2.92876387    1.02191782    0.00000000
   -2.50114233    0.98823912    0.00000000
   -1.80493039    0.69742753    0.00000000
   -1.24179658    0.72391786    0.00000000
   -2.21649285    0.86209653    0.00000000
   -0.75268326    0.30000000    0.00000000
   -3.16207694    1.05533700    0.00000000
    1.59509410    0.97114178    0.00000000
   -1.57257145    1.09321216    0.00000000
   -5.68467230    1.28918510    0.00000000
   -5.36613402    0.84911412    0.00000000
   -0.90149540    0.90457266    0.00000000
   -2.71219536    0.87378999    0.00000000
   -3.04972278    1.13913963    0.00000000
   -2.20572762    0.69407097    0.00000000
   -2.09749626    0.97502881    0.00000000
   -2.45152845    0.74311478    0.00000000
   -2.20749935    0.88912064    0.00000000
   -2.42976697    1.02181042    0.00000000
   -1.83335522    1.01842942    0.00000000
   -2.34857165    0.59847219    0.00000000
   -1.27206329    0.77197542    0.00000000
   -2.08614545    0.30000000    0.00000000
   -1.69269681    0.36494523    0.00000000
   -6.19230939    1.29509188    0.00000000
   -1.48192469    1.12574788    0.00000000
    0.38466280    1.15038074    0.00000000
    0.16474694    0.73458769    0.00000000
   -5.84551742    1.12413515    0.00000000
   -4.52400741    1.17933034    0.00000000
   -3.55224345    1.16585309    0.00000000
   -2.64172170    1.12183143    0.00000000
   -2.54937854    0.86663082    0.00000000
   -2.09323155    0.97478728    0.00000000
   -2.05296176    0.72623178    0.00000000
   -1.84057130    0.87309444    0.00000000
   -1.31300153    0.83184244    0.00000000
   -2.42176483    0.77606826    0.00000000
   -2.94891199    0.65422829    0.00000000
   -0.81937847    1.02989339    0.00000000
   -0.92131409    0.61555311    0.00000000
    0.03019804    0.81124127    0.00000000
    0.00000000    0.80000000    0.00000000
    0.00000000    0.80000000    0.00000000
    0.00000000    0.80000000    0.00000000
    0.00000000    0.80000000    0.00000000
    0.00000000    0.80000000    0.00000000
    0.00000000    0.80000000    0.00000000
    0.00000000    0.80000000    0.00000000
    0.00000000    0.80000000    0.00000000
    0.00000000    0.80000000    0.00000000
    0.00000000    0.80000000    0.00000000
    0.00000000    0.80000000    0.00000000
    0.00000000    0.80000000    0.00000000
    0.00000000    0.80000000    0.00000000
    0.00000000    0.80000000    0.00000000
    0.00000000    0.80000000    0.00000000
   -1.55172610    1.17454721    0.00000000
    0.77547471    1.00508147    0.00000000
    2.65157697    0.72972913    0.00000000
   -2.96355251    0.92536799    0.00000000
   -1.41394964    0.85964956    0.00000000
   -2.51024013    1.09012568    0.00000000
   -1.09176895    1.15844634    0.00000000
   -1.55086367    0.99209834    0.00000000
   -1.29392925    0.67098071    0.00000000
   -1.17475777    0.70672300    0.00000000
   -0.81790548    0.90036977    0.00000000
   -0.51629805    0.59639286    0.00000000
    0.00000000    0.80000000    0.00000000
    0.00000000    0.80000000    0.00000000
    0.00000000    0.80000000    0.00000000
    0.00000000    0.80000000    0.00000000
    0.00000000    0.80000000    0.00000000
    0.00000000    0.80000000    0.00000000
    0.00000000    0.80000000    0.00000000
    0.00000000    0.80000000    0.00000000
    0.00000000    0.80000000    0.00000000
    0.00000000    0.80000000    0.00000000
    0.00000000    0.80000000    0.00000000
