    2.64000000
   76.14000000
    1.26000000
    1.40636177
    0.74329373
    2.81072250
    0.00875111
    0.00000000
   -1.44799804    0.93699367    0.00000000
   -0.21766562    0.38364047    0.00000000
   -4.87939161    0.96056410    0.00000000
   -7.58542202    1.00789644    0.00000000
   -2.62473530    0.80213645    0.00000000
   -3.22859995    0.83307834    0.00000000
   -2.36362362    1.02661619    0.00000000
   -1.08346241    0.96508008    0.00000000
   -0.91204188    0.49013084    0.00000000
   -0.24699289    0.30000000    0.00000000
   -6.22674760    1.20470949    0.00000000
   -1.49892103    0.30000000    0.00000000
   -1.71955875    0.61701017    0.00000000
   -0.41453333    0.80259048    0.00000000
   -2.45198214    0.57774746    0.00000000
   -2.49097868    0.95748589    0.00000000
   -2.25994690    0.78136558    0.00000000
   -1.14425445    0.30000000    0.00000000
   -1.27575631    0.75516989    0.00000000
   -5.32159355    0.78712705    0.00000000
   -3.79064287    0.91492983    0.00000000
    0.31469847    1.02323139    0.00000000
   -2.14096821    1.03056314    0.00000000
   -1.87864558    1.31268233    0.00000000
   -1.21850253    0.74452937    0.00000000
   -0.89855694    1.32357113    0.00000000
    0.83486857    0.81929032    0.00000000
   -1.26921775    0.74873442    0.00000000
   -2.06139867    1.06645349    0.00000000
   -2.35211852    1.00639390    0.00000000
   -2.54771219    0.92065852    0.00000000
   -2.00997722    0.77829892    0.00000000
   -2.10628460    1.08306687    0.00000000
   -1.60855536    1.07338400    0.00000000
   -3.22845209    0.30000000    0.00000000
   -1.25788796    1.27090652    0.00000000
   -1.73800411    0.30000000    0.00000000
   -0.82817737    0.30000000    0.00000000
   -6.80306720    1.17343866    0.00000000
    0.28878658    0.81721997    0.00000000
   -2.24178809    1.06406349    0.00000000
   -0.35385730    0.44731611    0.00000000
   -2.27613506    1.28258212    0.00000000
   -2.87458317    1.34855350    0.00000000
   -2.06906558    0.96095193    0.00000000
   -1.64445804    1.17503498    0.00000000
   -2.15207055    1.07905886    0.00000000
   -2.17928002    1.01436978    0.00000000
   -2.00685271    0.76340079    0.00000000
   -1.61939605    0.64749372    0.00000000
   -1.37636403    0.30000000    0.00000000
   -2.04001572    0.37737014    0.00000000
   -3.27762061    0.30000000    0.00000000
   -1.01222929    0.58202362    0.00000000
   -0.02314733    0.68939189    0.00000000
   -0.40769168    0.30000000    0.00000000
    0.00000000    0.80000000    0.00000000
    0.00000000    0.80000000    0.00000000
    0.00000000    0.80000000    0.00000000
    0.00000000    0.80000000    0.00000000
    0.00000000    0.80000000    0.00000000
    0.00000000    0.80000000    0.00000000
    0.00000000    0.80000000    0.00000000
    0.00000000    0.80000000    0.00000000
    0.00000000    0.80000000    0.00000000
    0.00000000    0.80000000    0.00000000
    0.00000000    0.80000000    0.00000000
    0.00000000    0.80000000    0.00000000
    0.00000000    0.80000000    0.00000000
    0.00000000    0.80000000    0.00000000
    0.00000000    0.80000000    0.00000000
   -0.32297707    0.86961760    0.00000000
   -2.27781319    0.94910939    0.00000000
    0.86073858    0.30000000    0.00000000
   -1.77952156    0.93536933    0.00000000
   -1.32570994    1.30109906    0.00000000
   -1.06456002    1.03971894    0.00000000
   -0.84007379    1.17570267    0.00000000
   -1.23720944    1.09549856    0.00000000
   -0.91224267    0.30000000    0.00000000
   -1.00281909    0.79885417    0.00000000
   -0.79729718    0.99522474    0.00000000
   -0.92942177    1.10694939    0.00000000
    0.00000000    0.80000000    0.00000000
    0.00000000    0.80000000    0.00000000
    0.00000000    0.80000000    0.00000000
    0.00000000    0.80000000    0.00000000
    0.00000000    0.80000000    0.00000000
    0.00000000    0.80000000    0.00000000
    0.00000000    0.80000000    0.00000000
    0.00000000    0.80000000    0.00000000
    0.00000000    0.80000000    0.00000000
    0.00000000    0.80000000    0.00000000
    0.00000000    0.80000000    0.00000000
