   80.20000000
   18.00000000
    1.00000000
    1.55243817
    0.97531379
    1.16556316
    0.13032636
    0.00000000
   -0.33498306    0.71893869    6.70894947
    1.26871861    2.06028647    0.00000000
   -4.02682203    0.40608033    0.00000000
   -6.61323872    0.92184652    0.00000000
   -0.68114203    0.77279023    0.00000000
   -0.74769065    0.74298311    1.26459036
   -2.31291292    0.90261230    3.52206160
    0.91797911    0.75369019    2.30440543
    1.25543348    0.61625017    1.98829409
    0.85760021    1.84783975    0.00000000
   -6.74101323    1.20080317    0.00000000
   -1.19096758    0.65802384    0.00000000
   -0.09427821    0.72103171    0.00000000
    1.53981552    0.83603641    0.00000000
   -0.28566074    0.66440982    2.68116653
   -0.48555420    0.89558269    0.38262428
   -0.10208045    0.62985587    1.02948365
    0.27015708    1.27858461    0.00000000
   -1.34530799    0.65299061    0.00000000
   -1.82638776    0.62472181    0.00000000
   -2.33181969    0.98563134    0.00000000
    1.94895791    0.98178333    0.00000000
   -4.03488678    1.09523331    0.00000000
   -3.69916894    0.91537500    0.00000000
   -1.76072219    0.84181077    0.00000000
    6.56392322    0.78712610    0.00000000
    2.00051154    0.82166926    0.00000000
   -0.51490455    0.77862239    0.00000000
    0.01915301    0.75925377    0.00000000
   -0.47581759    1.06720895    0.00000000
   -0.68235927    0.78280891    0.00000000
    0.47915022    0.76954265    0.00000000
   -0.53992351    0.64491049    0.00000000
    0.68840219    0.79964594    2.37162766
   -0.28044414    0.63761709    2.02275702
    0.17421825    0.54781361    0.00000000
   -1.20561618    0.30000000    0.00000000
   -0.83130281    0.53156870    0.00000000
   -4.57650868    1.26880121    0.00000000
    0.56423064    1.12551818    0.00000000
   -4.64819627    1.25661787    0.00000000
   -4.63737691    0.58174619    0.00000000
   -0.84355651    1.21090637    0.00000000
   -2.92994729    1.13642998    0.00000000
   -1.08086259    1.17199113    0.00000000
   -0.58039850    1.09945430    0.00000000
   -0.33243759    0.76967747    0.00000000
   -0.03930933    0.48847954    0.00000000
   -0.40836368    0.73965346    0.00000000
    0.19337851    0.71276027    0.00000000
    0.09829368    0.67600887    0.00000000
   -0.32995482    0.71055175    0.00000000
   -0.83107400    0.41233944    2.61716906
   -0.29130139    0.92879335    0.00000000
   -1.25860685    0.62896377    0.00000000
   -0.45587905    0.68883366    0.00000000
    0.00000000    0.80000000    0.00000000
    0.00000000    0.80000000    0.00000000
    0.00000000    0.80000000    0.00000000
    0.00000000    0.80000000    0.00000000
    0.00000000    0.80000000    0.00000000
    0.00000000    0.80000000    0.00000000
    0.00000000    0.80000000    0.00000000
    0.00000000    0.80000000    0.00000000
    0.00000000    0.80000000    0.00000000
    0.00000000    0.80000000    0.00000000
    0.00000000    0.80000000    0.00000000
    0.00000000    0.80000000    0.00000000
    0.00000000    0.80000000    0.00000000
    0.00000000    0.80000000    0.00000000
    0.00000000    0.80000000    0.00000000
    0.58524764    1.13198750    0.00000000
   -0.54932016    0.80446560    0.00000000
    4.54316358    0.59316114    0.00000000
   -2.41569825    0.88315904    0.00000000
    0.37534414    0.98359339    0.00000000
   -0.20293106    0.88309289    0.00000000
    0.79627337    1.08473432    0.00000000
    0.49884735    1.09367781    0.00000000
    0.27154747    0.64535600    0.00000000
    0.59002423    0.76250916    0.00000000
    0.60254474    0.41983434    0.00000000
    1.17063879    1.02977992    0.00000000
    0.00000000    0.80000000    0.00000000
    0.00000000    0.80000000    0.00000000
    0.00000000    0.80000000    0.00000000
    0.00000000    0.80000000    0.00000000
    0.00000000    0.80000000    0.00000000
    0.00000000    0.80000000    0.00000000
    0.00000000    0.80000000    0.00000000
    0.00000000    0.80000000    0.00000000
    0.00000000    0.80000000    0.00000000
    0.00000000    0.80000000    0.00000000
    0.00000000    0.80000000    0.00000000
