    7.60000000
   72.10610000
    0.88300000
    1.51283258
    0.97384049
    2.13313378
    0.00321234
    0.00000000
   -1.26534834    1.12338649    7.91609899
   -0.38257490    1.61463977    0.00000000
   -4.09584715    0.30000000    0.00000000
  -11.49248428    0.30000000    0.00000000
   -2.28495531    0.64419364    0.00000000
   -2.77665627    0.75304099    0.00000000
   -1.85054315    0.83443070    0.00000000
    0.44495052    0.30000000    0.00000000
   -0.14888673    0.47102353    0.00000000
   -0.33432044    1.12975291    0.00000000
   -7.30686717    0.76485787    0.00000000
   -1.02690661    0.41950731    0.00000000
   -1.27926240    0.68225131    0.00000000
    0.08021440    0.62654769    0.00000000
   -2.84402288    0.83341801    0.00000000
   -1.73169407    0.86414444    0.00000000
   -1.33772159    0.30000000    0.00000000
   -1.26619795    0.30000000    0.00000000
   -1.91411354    0.74846552    0.00000000
   -0.71222136    0.30000000    0.00000000
    1.26567154    0.81565115    0.00000000
    2.16892724    0.80738342    0.00000000
   -3.22730322    0.84487289    0.00000000
   -4.12740424    0.91183172    0.00000000
   -3.89760966    0.30000000    0.00000000
    4.09223758    0.62345522    0.00000000
   -5.03304885    0.84526694    0.00000000
   -2.45180651    0.30000000    0.00000000
   -1.85476216    0.99850340    0.00000000
   -1.56195343    0.44962672    0.00000000
   -1.94488419    0.75909759    0.00000000
   -1.88602258    0.76843242    0.00000000
   -2.18577613    0.88123707    0.00000000
   -1.00941323    1.00504191    0.00000000
   -1.66179813    0.61925510    0.00000000
   -1.33891719    0.32183898    0.00000000
   -2.07798380    0.65107523    0.00000000
   -0.36797833    0.49730207    0.00000000
   -4.47420253    1.34379531    0.00000000
   -0.59236245    0.70219083    0.00000000
   -4.67142635    0.81888637    0.00000000
   -4.53271293    0.82055754    0.00000000
   -5.99871657    1.03215502    0.00000000
   -3.89947405    1.00057014    0.00000000
   -2.35405953    1.08714453    0.00000000
   -1.94772715    1.08373653    0.00000000
   -2.10333242    0.87931941    0.00000000
   -1.79190144    0.30000000    0.00000000
   -1.49670517    0.71661151    0.00000000
   -1.73509399    0.78178578    0.00000000
   -1.10254844    0.78020090    0.00000000
   -2.18102162    0.76162353    0.00000000
   -2.21044812    0.57462767    0.00000000
   -1.11592973    0.90805482    0.00000000
   -0.64292920    0.66185709    0.00000000
   -0.37311158    0.36731111    0.00000000
    0.00000000    0.80000000    0.00000000
    0.00000000    0.80000000    0.00000000
    0.00000000    0.80000000    0.00000000
    0.00000000    0.80000000    0.00000000
    0.00000000    0.80000000    0.00000000
    0.00000000    0.80000000    0.00000000
    0.00000000    0.80000000    0.00000000
    0.00000000    0.80000000    0.00000000
    0.00000000    0.80000000    0.00000000
    0.00000000    0.80000000    0.00000000
    0.00000000    0.80000000    0.00000000
    0.00000000    0.80000000    0.00000000
    0.00000000    0.80000000    0.00000000
    0.00000000    0.80000000    0.00000000
    0.00000000    0.80000000    0.00000000
   -0.50501321    0.82223818    0.00000000
    0.26520566    0.57529519    0.00000000
    6.20310562    0.30000000    0.00000000
   -7.15307863    0.99075671    0.00000000
   -1.09923169    0.63423577    0.00000000
   -1.84428726    0.87690771    0.00000000
   -1.01114965    1.06494277    0.00000000
   -1.22676037    0.92014192    0.00000000
   -1.30980168    0.80463279    0.00000000
   -0.98239986    0.75064275    0.00000000
   -0.82338883    0.91286519    0.00000000
   -0.32795559    0.50938147    0.00000000
    0.00000000    0.80000000    0.00000000
    0.00000000    0.80000000    0.00000000
    0.00000000    0.80000000    0.00000000
    0.00000000    0.80000000    0.00000000
    0.00000000    0.80000000    0.00000000
    0.00000000    0.80000000    0.00000000
    0.00000000    0.80000000    0.00000000
    0.00000000    0.80000000    0.00000000
    0.00000000    0.80000000    0.00000000
    0.00000000    0.80000000    0.00000000
    0.00000000    0.80000000    0.00000000
