    4.33000000
   74.12000000
    0.71300000
    1.44617725
    0.81002649
    2.34354819
    0.00725317
    0.00000000
   -1.23034649    0.30000000    6.85606255
   -0.29798915    1.50330138    0.00000000
   -1.65463315    1.40955696    0.00000000
   -5.37433769    0.99612102    0.00000000
   -2.71503336    0.87906697    0.00000000
   -2.84617853    0.70698387    0.00000000
   -2.26895486    1.23774333    0.00000000
    0.73125943    0.30000000    0.00000000
   -0.14090205    0.53993257    0.00000000
   -0.32660678    0.59753720    0.00000000
   -9.58580652    1.54272897    0.00000000
   -1.26210927    0.85299242    0.00000000
   -2.49156432    1.03017936    0.00000000
   -0.16271654    0.86971362    0.00000000
   -2.88903923    0.89051247    0.00000000
   -1.92909489    0.87323045    0.00000000
   -1.71451653    0.73562362    0.00000000
   -1.44012567    0.30000000    0.00000000
   -0.80652573    1.33563884    0.00000000
   -0.48465843    1.35939824    0.00000000
   -2.67126345    1.07047668    0.00000000
    1.40975273    1.09746596    0.00000000
   -4.48773191    1.17485422    0.00000000
   -4.04926725    0.81424302    0.00000000
   -3.87997599    0.87366856    0.00000000
   -3.54203497    0.98514962    0.00000000
    1.94115980    0.95447760    0.00000000
   -2.70202792    1.08221174    0.00000000
   -1.98928965    0.90923673    0.00000000
   -1.80118031    0.56393653    0.00000000
   -2.48556495    0.84344596    0.00000000
   -2.28630434    0.83563498    0.00000000
   -2.30867291    0.88809627    0.00000000
   -1.56742491    0.96636563    0.00000000
   -2.12984787    0.39180649    0.00000000
   -1.44106077    0.40970397    0.00000000
   -1.33387167    1.25380364    0.00000000
   -1.08285382    1.23543471    0.00000000
   -4.72499045    1.36392257    0.00000000
    2.06178963    1.28177431    0.00000000
   -4.35981460    1.26336392    0.00000000
   -4.57429557    1.21440850    0.00000000
   -6.80760269    1.12385641    0.00000000
   -3.45962353    1.04958841    0.00000000
   -3.42930676    1.08079675    0.00000000
   -2.12590953    1.25000376    0.00000000
   -2.31513667    0.96259791    0.00000000
   -2.00585881    1.67450642    0.00000000
   -1.99649494    0.76886870    0.00000000
   -1.94756315    0.84326410    0.00000000
   -1.32880456    0.63369735    0.00000000
   -2.21555493    0.58231467    0.00000000
   -2.63669739    0.30000000    0.00000000
   -1.18163332    0.52705252    0.00000000
   -0.79036591    1.14011198    0.00000000
   -2.01799699    0.74265502    0.00000000
    0.00000000    0.80000000    0.00000000
    0.00000000    0.80000000    0.00000000
    0.00000000    0.80000000    0.00000000
    0.00000000    0.80000000    0.00000000
    0.00000000    0.80000000    0.00000000
    0.00000000    0.80000000    0.00000000
    0.00000000    0.80000000    0.00000000
    0.00000000    0.80000000    0.00000000
    0.00000000    0.80000000    0.00000000
    0.00000000    0.80000000    0.00000000
    0.00000000    0.80000000    0.00000000
    0.00000000    0.80000000    0.00000000
    0.00000000    0.80000000    0.00000000
    0.00000000    0.80000000    0.00000000
    0.00000000    0.80000000    0.00000000
   -0.10904302    1.11823788    0.00000000
   -2.61018529    1.05652792    0.00000000
    3.05423994    0.93868037    0.00000000
   -6.32859311    1.06103372    0.00000000
   -1.30819768    0.89132474    0.00000000
   -2.36180417    0.77643819    0.00000000
   -1.17971685    1.08466768    0.00000000
   -1.41085464    1.26603805    0.00000000
   -1.39524610    0.34702444    0.00000000
   -2.75072120    1.17076050    0.00000000
   -1.14569773    1.19523847    0.00000000
   -0.72424570    1.14108225    0.00000000
    0.00000000    0.80000000    0.00000000
    0.00000000    0.80000000    0.00000000
    0.00000000    0.80000000    0.00000000
    0.00000000    0.80000000    0.00000000
    0.00000000    0.80000000    0.00000000
    0.00000000    0.80000000    0.00000000
    0.00000000    0.80000000    0.00000000
    0.00000000    0.80000000    0.00000000
    0.00000000    0.80000000    0.00000000
    0.00000000    0.80000000    0.00000000
    0.00000000    0.80000000    0.00000000
