    4.81000000
  119.38000000
    1.49000000
    1.35385322
    0.84269108
    2.57705263
    0.07739664
    0.00000000
   -1.40224249    0.30000000    0.00000000
   -0.39918916    2.00750187    0.00000000
   -4.35761612    1.00481867    0.00000000
  -11.02930731    0.30000000    0.00000000
   -2.82022156    0.84879465    0.00000000
   -2.38013309    0.65269211    0.00000000
   -3.07139896    1.28114052    0.00000000
   -0.87148912    0.94361242    0.00000000
   -0.15390241    0.80123358    0.00000000
   -0.42649928    1.83594082    0.00000000
   -5.62463786    0.60112303    0.00000000
   -1.31726393    0.56654483    0.00000000
   -2.35594923    0.44937919    0.00000000
   -0.69284388    0.90402485    0.00000000
   -3.03987986    0.47643737    0.00000000
   -2.25595026    0.77686305    0.00000000
   -1.89157729    1.08365036    0.00000000
   -1.33884944    1.35379827    0.00000000
   -2.44786705    1.20608278    0.00000000
   -0.59935221    0.30000000    0.00000000
   -5.31492587    1.02311075    0.00000000
   -2.20263983    1.06996218    0.00000000
   -5.45421204    1.22396497    0.00000000
   -3.17341084    1.34196639    0.00000000
   -2.45156102    1.00390068    0.00000000
   -1.13842229    1.12223190    0.00000000
   -6.17390060    0.30000000    0.00000000
   -1.42694564    1.11226136    0.00000000
   -2.15135792    0.78325275    0.00000000
   -2.20738066    0.30000000    0.00000000
   -2.44694263    0.74129737    0.00000000
   -2.34870979    0.81647359    0.00000000
   -2.37890823    0.66168300    0.00000000
   -1.39727148    0.55712906    0.00000000
   -2.13180988    0.30000000    0.00000000
   -1.50187701    1.24637409    0.00000000
   -1.93026335    1.06104837    0.00000000
   -2.24421001    1.25921888    0.00000000
   -6.42889593    1.07753846    0.00000000
   -0.24381935    1.33233387    0.00000000
   -4.66662688    1.27052051    0.00000000
   -2.28543446    0.90302642    0.00000000
   -3.92096351    1.19085747    0.00000000
   -2.21066898    1.03127834    0.00000000
   -3.63327137    0.88247477    0.00000000
   -1.72273738    1.21415833    0.00000000
   -2.38332510    0.92499980    0.00000000
   -1.72443846    1.74218982    0.00000000
   -2.41028874    0.72691432    0.00000000
   -1.94271671    0.63751113    0.00000000
   -1.45599155    0.30000000    0.00000000
   -2.29878306    0.31378000    0.00000000
   -2.98470401    0.30000000    0.00000000
   -1.16737231    0.55045705    0.00000000
   -0.71104904    1.11366273    0.00000000
   -0.16472062    0.55722029    0.00000000
    0.00000000    0.80000000    0.00000000
    0.00000000    0.80000000    0.00000000
    0.00000000    0.80000000    0.00000000
    0.00000000    0.80000000    0.00000000
    0.00000000    0.80000000    0.00000000
    0.00000000    0.80000000    0.00000000
    0.00000000    0.80000000    0.00000000
    0.00000000    0.80000000    0.00000000
    0.00000000    0.80000000    0.00000000
    0.00000000    0.80000000    0.00000000
    0.00000000    0.80000000    0.00000000
    0.00000000    0.80000000    0.00000000
    0.00000000    0.80000000    0.00000000
    0.00000000    0.80000000    0.00000000
    0.00000000    0.80000000    0.00000000
   -1.26072944    1.09297339    0.00000000
   -5.01913342    1.13145314    0.00000000
   -1.41006655    1.02126490    0.00000000
   -4.46088393    1.24961053    0.00000000
   -1.21496874    1.12226099    0.00000000
   -3.15096373    1.11953985    0.00000000
   -1.31495436    1.17484587    0.00000000
   -1.67104118    1.28553469    0.00000000
   -1.49106045    0.73334121    0.00000000
   -1.35087941    0.99091699    0.00000000
   -1.04580405    0.92022599    0.00000000
   -1.01233149    1.13107676    0.00000000
    0.00000000    0.80000000    0.00000000
    0.00000000    0.80000000    0.00000000
    0.00000000    0.80000000    0.00000000
    0.00000000    0.80000000    0.00000000
    0.00000000    0.80000000    0.00000000
    0.00000000    0.80000000    0.00000000
    0.00000000    0.80000000    0.00000000
    0.00000000    0.80000000    0.00000000
    0.00000000    0.80000000    0.00000000
    0.00000000    0.80000000    0.00000000
    0.00000000    0.80000000    0.00000000
