   37.50000000
   41.05000000
    0.78600000
    1.58004143
    0.71601842
    1.28468468
    0.07296421
    0.00000000
   -0.91538847    0.84000577    5.69994162
    0.15234619    1.93662293    0.00000000
   -7.77378577    0.75713741    0.00000000
  -17.93775240    0.70280267    0.00000000
   -2.10694211    0.66801866    0.00000000
   -2.78961759    0.80702432    0.00000000
   -3.32818512    1.05090013    0.00000000
   -0.94755319    0.30000000    0.00000000
    0.06710156    0.63060017    0.00000000
    0.10584741    1.51948779    0.00000000
   -9.10281342    0.86566219    0.00000000
   -3.55578700    0.58291039    0.00000000
   -1.90531205    0.71824983    0.00000000
    1.95226545    0.86677510    0.00000000
   -2.76227950    0.82593733    0.00000000
   -1.78498735    0.89899941    0.00000000
   -1.30097036    0.63868352    0.00000000
   -0.18242070    0.96358133    0.00000000
   -4.08583476    0.66545251    0.00000000
   -6.43687313    0.80480817    0.00000000
   -9.35837397    0.95014908    0.00000000
   -4.01862104    1.02157323    0.00000000
   -7.95029899    1.09777786    0.00000000
   -5.64763612    1.02819731    0.00000000
   -1.14154207    0.85941838    0.00000000
    5.85308733    0.76594459    0.00000000
   -1.48766221    0.43395433    0.00000000
   -1.65918476    0.73254098    0.00000000
   -1.47081683    0.53395683    0.00000000
   -3.94441452    0.95050256    0.00000000
   -3.39577984    0.74795875    0.00000000
   -1.40001480    0.80760598    0.00000000
   -2.13471267    0.82987365    0.00000000
   -1.16599951    0.76466789    0.00000000
   -1.86875461    0.76000744    0.00000000
   -0.27263929    1.05463409    0.00000000
   -4.15449115    0.61531078    0.00000000
   -6.49642216    0.58475465    0.00000000
  -11.08875150    1.33976895    0.00000000
   -9.46824193    1.03559080    0.00000000
   -7.58212146    1.14844125    0.00000000
   -4.24174944    0.72979791    0.00000000
   -5.43919729    1.00608294    0.00000000
   -3.07954066    0.97907242    0.00000000
   -0.36964868    0.93346416    0.00000000
   -1.92106303    0.95757943    0.00000000
   -1.82882366    0.88025086    0.00000000
   -0.62939289    0.30000000    0.00000000
   -3.94123861    0.86304168    0.00000000
   -1.28889054    0.78311535    0.00000000
   -1.15583378    0.70994875    0.00000000
   -2.21088690    0.81604514    0.00000000
   -2.50433473    0.65793507    0.00000000
   -0.60989805    0.96082869    0.00000000
   -5.59772238    0.81013575    0.00000000
   -6.07271917    0.89928709    0.00000000
    0.00000000    0.80000000    0.00000000
    0.00000000    0.80000000    0.00000000
    0.00000000    0.80000000    0.00000000
    0.00000000    0.80000000    0.00000000
    0.00000000    0.80000000    0.00000000
    0.00000000    0.80000000    0.00000000
    0.00000000    0.80000000    0.00000000
    0.00000000    0.80000000    0.00000000
    0.00000000    0.80000000    0.00000000
    0.00000000    0.80000000    0.00000000
    0.00000000    0.80000000    0.00000000
    0.00000000    0.80000000    0.00000000
    0.00000000    0.80000000    0.00000000
    0.00000000    0.80000000    0.00000000
    0.00000000    0.80000000    0.00000000
  -10.23295074    1.04125551    0.00000000
   -4.78617129    0.75085024    0.00000000
    2.30200939    0.74226336    0.00000000
   -2.47626969    0.91221781    0.00000000
   -1.55610789    0.71806441    0.00000000
   -0.43062370    0.81940683    0.00000000
   -0.58459165    1.12043056    0.00000000
   -0.50729560    0.30000000    0.00000000
   -2.25016445    0.80898668    0.00000000
   -2.30570264    0.74848486    0.00000000
   -0.71895676    0.64544462    0.00000000
   -0.69913215    0.66087041    0.00000000
    0.00000000    0.80000000    0.00000000
    0.00000000    0.80000000    0.00000000
    0.00000000    0.80000000    0.00000000
    0.00000000    0.80000000    0.00000000
    0.00000000    0.80000000    0.00000000
    0.00000000    0.80000000    0.00000000
    0.00000000    0.80000000    0.00000000
    0.00000000    0.80000000    0.00000000
    0.00000000    0.80000000    0.00000000
    0.00000000    0.80000000    0.00000000
    0.00000000    0.80000000    0.00000000
