    1.88000000
   86.18000000
    0.66000000
    1.35049002
    0.83741834
    2.94382796
    0.00000000
    0.00000000
   -1.54572947    0.86492307    0.00000000
   -0.36466555    0.30000000    0.00000000
   -4.55823699    1.02085775    0.00000000
   -7.18726150    1.03333496    0.00000000
   -2.64345890    0.79334429    0.00000000
   -2.45473850    0.77927814    0.00000000
   -1.70190779    0.88179187    0.00000000
   -0.83356216    0.87202843    0.00000000
   -0.38305976    0.56548626    0.00000000
   -0.38865404    0.30000000    0.00000000
   -4.52037210    0.71084540    0.00000000
   -1.49964732    0.30000000    0.00000000
   -1.92721636    0.63323016    0.00000000
   -0.46200657    0.96597273    0.00000000
   -2.46205054    0.62525515    0.00000000
   -2.15466994    1.03955764    0.00000000
   -1.71446320    0.79435346    0.00000000
   -1.31547335    1.53628596    0.00000000
   -1.75785222    0.31332033    0.00000000
   -0.79119000    0.30000000    0.00000000
   -2.73428054    0.97622525    0.00000000
   -0.54299058    1.04846793    0.00000000
   -2.75509693    1.10354269    0.00000000
   -2.43624282    0.99524912    0.00000000
   -1.32917520    0.71566893    0.00000000
   -0.53838021    1.53223004    0.00000000
   -4.94976578    0.98461382    0.00000000
   -1.52020125    0.88177001    0.00000000
   -2.14083822    1.07781728    0.00000000
   -2.05823991    0.87088973    0.00000000
   -2.34284248    0.78581903    0.00000000
   -2.21060973    0.76065502    0.00000000
   -2.22282115    0.84146934    0.00000000
   -1.68647730    0.99623138    0.00000000
   -1.92922352    0.40057871    0.00000000
   -1.36071422    0.95258800    0.00000000
   -1.95489820    0.30000000    0.00000000
   -0.51297138    0.30000000    0.00000000
   -6.07777575    1.26743547    0.00000000
    0.38416530    0.71548653    0.00000000
   -2.15057115    1.04290219    0.00000000
   -1.00207122    0.30000000    0.00000000
   -3.64748992    1.36166124    0.00000000
   -2.52057216    1.29925049    0.00000000
   -2.19295977    1.02071830    0.00000000
   -2.00604310    1.16543672    0.00000000
   -2.25442056    1.10302503    0.00000000
   -2.16903628    0.90747278    0.00000000
   -2.18722630    0.75658327    0.00000000
   -1.88309849    0.67425979    0.00000000
   -1.50048877    0.30000000    0.00000000
   -2.17632705    0.30000000    0.00000000
   -2.39889034    0.30000000    0.00000000
   -1.11699021    0.36231638    0.00000000
   -0.71736027    0.72521971    0.00000000
   -0.10566830    0.80000000    0.00000000
    0.00000000    0.80000000    0.00000000
    0.00000000    0.80000000    0.00000000
    0.00000000    0.80000000    0.00000000
    0.00000000    0.80000000    0.00000000
    0.00000000    0.80000000    0.00000000
    0.00000000    0.80000000    0.00000000
    0.00000000    0.80000000    0.00000000
    0.00000000    0.80000000    0.00000000
    0.00000000    0.80000000    0.00000000
    0.00000000    0.80000000    0.00000000
    0.00000000    0.80000000    0.00000000
    0.00000000    0.80000000    0.00000000
    0.00000000    0.80000000    0.00000000
    0.00000000    0.80000000    0.00000000
    0.00000000    0.80000000    0.00000000
   -1.09835846    0.98651877    0.00000000
   -2.29969471    0.94966762    0.00000000
    1.86890919    0.30000000    0.00000000
   -2.25863760    0.77934854    0.00000000
   -1.18098909    1.21246185    0.00000000
   -1.72707555    1.09855968    0.00000000
   -1.19826820    1.14128644    0.00000000
   -1.35629310    1.21039755    0.00000000
   -1.46022116    0.30000000    0.00000000
   -1.28331966    0.80209242    0.00000000
   -1.07520436    1.00476716    0.00000000
   -1.04285283    0.66409135    0.00000000
    0.00000000    0.80000000    0.00000000
    0.00000000    0.80000000    0.00000000
    0.00000000    0.80000000    0.00000000
    0.00000000    0.80000000    0.00000000
    0.00000000    0.80000000    0.00000000
    0.00000000    0.80000000    0.00000000
    0.00000000    0.80000000    0.00000000
    0.00000000    0.80000000    0.00000000
    0.00000000    0.80000000    0.00000000
    0.00000000    0.80000000    0.00000000
    0.00000000    0.80000000    0.00000000
