    8.93000000
   84.93000000
    1.33000000
    1.49173776
    0.71987590
    2.78666238
    0.00000000
    0.00000000
   -1.67483197    0.30000000    0.00000000
   -0.28713779    1.90514339    0.00000000
   -7.28249734    0.74545405    0.00000000
  -11.10448635    0.98955654    0.00000000
   -2.97926593    0.79197067    0.00000000
   -2.30638085    0.72425028    0.00000000
   -3.91770623    1.26599804    0.00000000
   -1.96047477    0.93481893    0.00000000
   -0.38570179    0.72717132    0.00000000
   -0.32043258    1.38500738    0.00000000
   -7.43382511    0.74348092    0.00000000
   -1.48312893    0.55226520    0.00000000
   -2.11112995    0.66038486    0.00000000
   -0.93434902    0.88836526    0.00000000
   -3.26752265    0.78414576    0.00000000
   -2.64055173    0.90029067    0.00000000
   -1.85302233    0.76019359    0.00000000
   -1.24950227    1.24626674    0.00000000
   -2.45911060    0.56461834    0.00000000
   -0.61295300    0.30000000    0.00000000
   -6.16964256    0.99276006    0.00000000
    0.87316316    1.04477023    0.00000000
   -5.29681429    0.93237272    0.00000000
   -4.37951961    0.97376199    0.00000000
   -3.36703719    0.86352354    0.00000000
   -0.95611020    1.19605509    0.00000000
   -0.26245490    0.96864127    0.00000000
   -2.58768316    0.91897364    0.00000000
   -2.40997046    0.68379013    0.00000000
   -2.23826109    0.30000000    0.00000000
   -2.77874024    0.78310817    0.00000000
   -2.12445881    0.81062086    0.00000000
   -2.49574917    0.66330843    0.00000000
   -2.03984242    1.17962734    0.00000000
   -2.22755851    0.39287452    0.00000000
   -1.30924871    1.02712906    0.00000000
   -2.42521782    0.30000000    0.00000000
   -2.49375000    0.30000000    0.00000000
   -6.68783790    0.74799755    0.00000000
   -3.24094807    1.11587944    0.00000000
   -5.65031864    1.11001354    0.00000000
   -2.64322557    0.61616658    0.00000000
   -4.42697921    1.18388622    0.00000000
   -3.59693016    1.12788745    0.00000000
   -4.13311484    0.90378457    0.00000000
   -2.53125329    1.16509468    0.00000000
   -2.55410088    0.80141713    0.00000000
   -2.52713527    0.77972741    0.00000000
   -2.44600428    0.71794731    0.00000000
   -1.82534493    0.65212826    0.00000000
   -2.00370739    0.45343220    0.00000000
   -2.51133071    0.74827754    0.00000000
   -3.12670692    0.39084153    0.00000000
   -1.00985350    0.79960488    0.00000000
   -0.02860836    0.43795154    0.00000000
   -0.31368515    0.51631425    0.00000000
    0.00000000    0.80000000    0.00000000
    0.00000000    0.80000000    0.00000000
    0.00000000    0.80000000    0.00000000
    0.00000000    0.80000000    0.00000000
    0.00000000    0.80000000    0.00000000
    0.00000000    0.80000000    0.00000000
    0.00000000    0.80000000    0.00000000
    0.00000000    0.80000000    0.00000000
    0.00000000    0.80000000    0.00000000
    0.00000000    0.80000000    0.00000000
    0.00000000    0.80000000    0.00000000
    0.00000000    0.80000000    0.00000000
    0.00000000    0.80000000    0.00000000
    0.00000000    0.80000000    0.00000000
    0.00000000    0.80000000    0.00000000
   -1.92510899    1.06215801    0.00000000
   -4.81701127    0.81937375    0.00000000
    6.54778123    0.57889123    0.00000000
   -0.92035497    0.83744571    0.00000000
   -0.98873883    0.93174276    0.00000000
   -3.28664078    0.93184186    0.00000000
   -1.37270521    1.14567151    0.00000000
   -1.55367240    0.93895246    0.00000000
   -1.64062167    0.79990900    0.00000000
   -1.28474651    0.68051400    0.00000000
   -0.83375665    0.91962889    0.00000000
   -1.17186182    0.30000000    0.00000000
    0.00000000    0.80000000    0.00000000
    0.00000000    0.80000000    0.00000000
    0.00000000    0.80000000    0.00000000
    0.00000000    0.80000000    0.00000000
    0.00000000    0.80000000    0.00000000
    0.00000000    0.80000000    0.00000000
    0.00000000    0.80000000    0.00000000
    0.00000000    0.80000000    0.00000000
    0.00000000    0.80000000    0.00000000
    0.00000000    0.80000000    0.00000000
    0.00000000    0.80000000    0.00000000
