   37.00000000
   73.10000000
    0.95000000
    1.71813723
    0.71573191
    2.10659266
    0.00000000
    0.00000000
   -1.25099906    0.85356938    7.71201733
   -0.12398069    1.57206021    0.00000000
   -4.83052397    0.30000000    0.00000000
  -14.28358672    0.76256918    0.00000000
   -2.53931516    0.73399365    0.00000000
   -2.95148764    0.78587549    0.00000000
   -3.08952060    0.87675075    0.00000000
   -0.65902085    0.30000000    0.00000000
   -0.38367538    0.39750894    0.00000000
   -0.15606032    1.08036039    0.00000000
   -6.09319494    1.32177658    0.00000000
   -1.05471663    0.39036605    0.00000000
   -1.78706583    0.73865420    0.00000000
   -0.06307133    0.80272830    0.00000000
   -2.32673370    0.30000000    0.00000000
   -2.31428078    0.89580453    0.00000000
   -1.66299394    0.63613191    0.00000000
   -1.24764542    0.30000000    0.00000000
   -2.44511416    0.81287687    0.00000000
   -0.45254161    0.80963188    0.00000000
   -0.90358244    0.93365339    0.00000000
    0.17121838    1.00604168    0.00000000
   -1.88402479    1.07968596    0.00000000
   -5.10034519    1.17965269    0.00000000
   -0.58060016    0.75043208    0.00000000
    2.09445061    0.79574473    0.00000000
    2.16590146    0.82919632    0.00000000
   -2.70143053    1.12176455    0.00000000
   -2.20718608    0.56826902    0.00000000
   -1.79355737    0.51000759    0.00000000
   -2.32637352    0.75758869    0.00000000
   -2.11160510    0.86743385    0.00000000
   -2.33863809    0.91425856    0.00000000
   -1.65128837    0.94887891    0.00000000
   -2.27602615    0.62809355    0.00000000
   -1.23224500    0.55163766    0.00000000
   -2.19850677    0.30000000    0.00000000
   -1.54776183    0.30000000    0.00000000
   -2.60917701    1.04803336    0.00000000
    1.20412143    1.04685260    0.00000000
    0.38642485    1.14333466    0.00000000
    0.97188897    0.67965539    0.00000000
   -4.36081596    1.00600156    0.00000000
   -4.22980810    1.17637622    0.00000000
   -2.59528301    1.18367057    0.00000000
   -2.43285477    1.04952347    0.00000000
   -2.36501467    0.80763679    0.00000000
   -1.81715371    0.75331653    0.00000000
   -1.87232266    0.75412477    0.00000000
   -1.74919399    0.82618457    0.00000000
   -1.14096957    0.76336693    0.00000000
   -2.28229902    0.77019045    0.00000000
   -2.87721546    0.65792997    0.00000000
   -0.84519040    1.03849051    0.00000000
    0.00522748    0.75966209    0.00000000
    0.00265869    0.80912892    0.00000000
    0.00000000    0.80000000    0.00000000
    0.00000000    0.80000000    0.00000000
    0.00000000    0.80000000    0.00000000
    0.00000000    0.80000000    0.00000000
    0.00000000    0.80000000    0.00000000
    0.00000000    0.80000000    0.00000000
    0.00000000    0.80000000    0.00000000
    0.00000000    0.80000000    0.00000000
    0.00000000    0.80000000    0.00000000
    0.00000000    0.80000000    0.00000000
    0.00000000    0.80000000    0.00000000
    0.00000000    0.80000000    0.00000000
    0.00000000    0.80000000    0.00000000
    0.00000000    0.80000000    0.00000000
    0.00000000    0.80000000    0.00000000
   -1.57681940    0.97891583    0.00000000
    0.10205359    0.98083740    0.00000000
    2.32289196    0.82821423    0.00000000
   -4.86649441    1.02647907    0.00000000
   -1.04399528    0.87735180    0.00000000
   -1.57960635    1.07805068    0.00000000
   -0.94570328    0.85101549    0.00000000
   -1.31784843    0.69012150    0.00000000
   -1.06672701    0.56444228    0.00000000
   -1.09283979    0.67016743    0.00000000
   -0.87327387    0.88212334    0.00000000
   -0.51299837    0.83446807    0.00000000
    0.00000000    0.80000000    0.00000000
    0.00000000    0.80000000    0.00000000
    0.00000000    0.80000000    0.00000000
    0.00000000    0.80000000    0.00000000
    0.00000000    0.80000000    0.00000000
    0.00000000    0.80000000    0.00000000
    0.00000000    0.80000000    0.00000000
    0.00000000    0.80000000    0.00000000
    0.00000000    0.80000000    0.00000000
    0.00000000    0.80000000    0.00000000
    0.00000000    0.80000000    0.00000000
