    7.00000000
   92.14000000
    0.86700000
    1.56864732
    0.74685442
    2.83877748
    0.00000000
    0.00000000
   -1.50694301    0.30000000    0.00000000
   -0.52051145    1.53998804    0.00000000
   -5.30073377    0.67578863    0.00000000
  -11.52852601    0.97377845    0.00000000
   -2.92421984    0.81140818    0.00000000
   -2.65057861    0.70398030    0.00000000
   -2.87903272    1.32614006    0.00000000
   -1.37047180    0.85560034    0.00000000
   -0.48751187    0.62220267    0.00000000
   -0.30335830    1.32703368    0.00000000
   -5.94144474    0.74891818    0.00000000
   -1.48761509    0.30000000    0.00000000
   -2.06008258    0.68528486    0.00000000
   -0.86298441    0.90746438    0.00000000
   -2.84657014    0.90580718    0.00000000
   -2.43262928    0.94868883    0.00000000
   -1.85698137    0.77839591    0.00000000
   -1.25700282    0.72209903    0.00000000
   -2.16031353    0.69511400    0.00000000
   -0.65822232    0.30000000    0.00000000
   -5.77869522    1.05559918    0.00000000
    0.19701829    1.05826730    0.00000000
   -4.70251132    1.04042554    0.00000000
   -2.05253608    0.80035125    0.00000000
   -2.51893952    0.89695582    0.00000000
   -0.49254574    0.98962185    0.00000000
   10.20719293    0.63768205    0.00000000
   -1.50073871    1.02347946    0.00000000
   -2.39361059    0.72529321    0.00000000
   -2.35183965    0.46166339    0.00000000
   -2.44012978    0.70264395    0.00000000
   -2.20936107    0.79017965    0.00000000
   -2.35747455    0.69270983    0.00000000
   -1.74209746    0.94010259    0.00000000
   -2.29085994    0.30000000    0.00000000
   -1.41351533    0.65877050    0.00000000
   -2.21343671    0.30000000    0.00000000
   -1.56167296    0.65424275    0.00000000
   -5.99538644    1.07262150    0.00000000
   -0.56598164    0.73384526    0.00000000
   -4.47132656    1.04760606    0.00000000
   -2.43646746    0.76043320    0.00000000
   -3.71304534    1.19945969    0.00000000
   -2.72229012    0.88344350    0.00000000
   -1.77275188    0.80070141    0.00000000
   -2.22658489    1.17400917    0.00000000
   -2.55569323    0.94331092    0.00000000
   -2.52509589    0.72523165    0.00000000
   -2.52561356    0.76250523    0.00000000
   -1.90592090    0.73447181    0.00000000
   -2.01762201    0.55871535    0.00000000
   -2.39747582    0.66384378    0.00000000
   -2.87046623    0.59834033    0.00000000
   -1.00461466    0.79993610    0.00000000
   -0.24711217    0.59824016    0.00000000
   -0.30616722    0.49615254    0.00000000
    0.00000000    0.80000000    0.00000000
    0.00000000    0.80000000    0.00000000
    0.00000000    0.80000000    0.00000000
    0.00000000    0.80000000    0.00000000
    0.00000000    0.80000000    0.00000000
    0.00000000    0.80000000    0.00000000
    0.00000000    0.80000000    0.00000000
    0.00000000    0.80000000    0.00000000
    0.00000000    0.80000000    0.00000000
    0.00000000    0.80000000    0.00000000
    0.00000000    0.80000000    0.00000000
    0.00000000    0.80000000    0.00000000
    0.00000000    0.80000000    0.00000000
    0.00000000    0.80000000    0.00000000
    0.00000000    0.80000000    0.00000000
   -0.74328559    0.77923135    0.00000000
   -3.65652173    0.92170732    0.00000000
    2.99783090    0.70388295    0.00000000
   -0.43508472    0.89972537    0.00000000
   -0.36780192    0.97299413    0.00000000
   -2.26238181    0.85244821    0.00000000
   -1.30799380    1.09001850    0.00000000
   -1.49987551    0.95252827    0.00000000
   -1.63838071    0.60967486    0.00000000
   -1.30994279    0.78738062    0.00000000
   -0.95435762    0.90805503    0.00000000
   -0.99905842    0.30000000    0.00000000
    0.00000000    0.80000000    0.00000000
    0.00000000    0.80000000    0.00000000
    0.00000000    0.80000000    0.00000000
    0.00000000    0.80000000    0.00000000
    0.00000000    0.80000000    0.00000000
    0.00000000    0.80000000    0.00000000
    0.00000000    0.80000000    0.00000000
    0.00000000    0.80000000    0.00000000
    0.00000000    0.80000000    0.00000000
    0.00000000    0.80000000    0.00000000
    0.00000000    0.80000000    0.00000000
